Final Results Summary:
Total Tests Run: 550
Total Tests Passed: 173
Overall Score: 31.45%

Detailed Results by Context Length and Depth:
Context Length  Document Depth
43212           0.0               0.0
                10.0              2.0
                20.0              3.0
                30.0              5.0
                40.0              5.0
                60.0              5.0
                70.0              5.0
                80.0              5.0
                90.0              5.0
                100.0             5.0
45180           0.0               0.0
                10.0              0.0
                20.0              2.0
                30.0              4.0
                40.0              5.0
                60.0              5.0
                70.0              4.0
                80.0              5.0
                90.0              5.0
                100.0             5.0
47148           0.0               0.0
                10.0              0.0
                20.0              0.0
                30.0              0.0
                40.0              2.0
                60.0              2.0
                70.0              2.0
                80.0              4.0
                90.0              5.0
                100.0             5.0
49116           0.0               0.0
                10.0              0.0
                20.0              0.0
                30.0              0.0
                40.0              0.0
                60.0              0.0
                70.0              1.0
                80.0              4.0
                90.0              5.0
                100.0             5.0
51084           0.0               0.0
                10.0              0.0
                20.0              0.0
                30.0              0.0
                40.0              0.0
                60.0              0.0
                70.0              0.0
                80.0              2.0
                90.0              5.0
                100.0             5.0
53052           0.0               0.0
                10.0              0.0
                20.0              0.0
                30.0              0.0
                40.0              0.0
                60.0              0.0
                70.0              0.0
                80.0              0.0
                90.0              5.0
                100.0             5.0
55020           0.0               0.0
                10.0              0.0
                20.0              0.0
                30.0              0.0
                40.0              0.0
                60.0              0.0
                70.0              0.0
                80.0              0.0
                90.0              5.0
                100.0             5.0
56988           0.0               0.0
                10.0              0.0
                20.0              0.0
                30.0              0.0
                40.0              0.0
                60.0              0.0
                70.0              0.0
                80.0              0.0
                90.0              4.0
                100.0             5.0
58956           0.0               0.0
                10.0              0.0
                20.0              0.0
                30.0              0.0
                40.0              0.0
                60.0              0.0
                70.0              0.0
                80.0              0.0
                90.0              4.0
                100.0             5.0
60924           0.0               0.0
                10.0              0.0
                20.0              0.0
                30.0              0.0
                40.0              0.0
                60.0              0.0
                70.0              0.0
                80.0              0.0
                90.0              3.0
                100.0             5.0
62868           0.0               0.0
                10.0              0.0
                20.0              0.0
                30.0              0.0
                40.0              0.0
                60.0              0.0
                70.0              0.0
                80.0              0.0
                90.0              0.0
                100.0             5.0