Total Tests Run: 800
Total Tests Passed: 412
Overall Score: 51.50%

Detailed Results by Context Length and Depth:
Context Length  Document Depth
16445           100.0             5.0
16446           20.0              5.0
                30.0              5.0
                50.0              5.0
                60.0              5.0
                70.0              5.0
                80.0              5.0
                90.0              5.0
16447           60.0              5.0
16448           40.0              5.0
17265           50.0              5.0
                60.0              5.0
                100.0             5.0
17266           20.0              5.0
                30.0              5.0
                60.0              5.0
                70.0              5.0
                80.0              5.0
                90.0              5.0
17267           40.0              5.0
18356           100.0             5.0
18357           30.0              5.0
                40.0              5.0
                60.0              5.0
18358           20.0              5.0
                60.0              5.0
                70.0              5.0
18359           80.0              5.0
18360           50.0              5.0
                90.0              5.0
19449           80.0              5.0
                100.0             5.0
19450           20.0              5.0
                30.0              5.0
                40.0              5.0
                50.0              5.0
19451           60.0              5.0
                70.0              5.0
                90.0              5.0
20541           50.0              5.0
                100.0             5.0
20542           20.0              5.0
                60.0              3.0
                80.0              5.0
20543           30.0              5.0
                40.0              5.0
                90.0              5.0
20544           70.0              4.0
21361           20.0              5.0
                40.0              4.0
                50.0              4.0
                100.0             5.0
21362           30.0              4.0
                60.0              3.5
                70.0              3.0
                90.0              5.0
21363           80.0              4.0
22452           100.0             5.0
22453           60.0              4.0
                80.0              5.0
22454           20.0              0.0
                30.0              3.0
                40.0              0.0
                50.0              0.0
                60.0              3.0
                70.0              0.0
                90.0              5.0
23545           100.0             5.0
23546           30.0              3.0
                50.0              3.0
                60.0              1.5
                90.0              5.0
23547           20.0              0.0
                40.0              0.0
                70.0              0.0
                80.0              5.0
24637           100.0             5.0
24638           20.0              0.0
                30.0              0.0
                50.0              0.0
                60.0              0.0
                90.0              4.0
24639           40.0              0.0
                70.0              3.0
                80.0              4.0
25456           100.0             5.0
25457           30.0              0.0
25458           20.0              0.0
                40.0              0.0
                50.0              0.0
                60.0              0.0
                70.0              1.0
                80.0              1.0
                90.0              2.0
26549           70.0              2.0
                90.0              5.0
                100.0             5.0
26550           20.0              0.0
                30.0              0.0
                40.0              0.0
                50.0              0.0
                60.0              0.5
                80.0              0.0
27641           30.0              0.0
                100.0             5.0
27642           20.0              0.0
                40.0              0.0
                50.0              0.0
                70.0              0.0
                80.0              0.0
                90.0              2.0
27643           60.0              0.0
27644           60.0              0.0
28733           100.0             5.0
28734           40.0              0.0
                70.0              0.0
                80.0              1.0
                90.0              3.0
28735           20.0              0.0
                30.0              0.0
                50.0              0.0
                60.0              0.0
28736           60.0              0.0
29553           30.0              0.0
                60.0              0.0
                70.0              0.0
                80.0              2.0
                100.0             5.0
29554           20.0              0.0
                40.0              0.0
                50.0              0.0
                60.0              0.0
29555           90.0              1.0
30644           100.0             5.0
30645           30.0              0.0
                60.0              0.0
30646           20.0              0.0
                40.0              0.0
                50.0              0.0
                60.0              0.0
                70.0              0.0
                90.0              0.0
30648           80.0              0.0
31737           100.0             5.0
31738           50.0              0.0
                80.0              1.0
                90.0              4.0
31739           20.0              0.0
                30.0              0.0
                40.0              0.0
                60.0              0.0
                70.0              0.0