Final Results Summary:
Total Tests Run: 450
Total Tests Passed: 278
Overall Score: 61.78%

Detailed Results by Context Length and Depth:
Context Length  Document Depth
16134           0.0               5.0
                60.0              5.0
                80.0              5.0
                100.0             5.0
16135           10.0              5.0
                20.0              5.0
                30.0              5.0
                40.0              5.0
                70.0              5.0
                90.0              5.0
18182           20.0              5.0
                40.0              5.0
18183           0.0               5.0
                10.0              5.0
                30.0              5.0
                60.0              5.0
                70.0              5.0
                80.0              5.0
                90.0              5.0
                100.0             5.0
20230           90.0              4.0
20231           0.0               4.0
                10.0              5.0
                20.0              5.0
                30.0              5.0
                40.0              5.0
                60.0              5.0
                70.0              5.0
                80.0              5.0
                100.0             5.0
22278           40.0              5.0
                80.0              4.0
                90.0              5.0
22279           0.0               1.0
                10.0              5.0
                20.0              5.0
                30.0              5.0
                60.0              5.0
                70.0              5.0
                100.0             4.0
24326           70.0              3.0
                80.0              3.0
24327           0.0               0.0
                10.0              5.0
                20.0              5.0
                30.0              5.0
                40.0              5.0
                60.0              5.0
                90.0              4.0
                100.0             4.0
26375           0.0               0.0
                10.0              3.0
                20.0              4.0
                30.0              4.0
                40.0              2.0
                60.0              2.0
                70.0              1.0
                80.0              1.0
                90.0              1.0
                100.0             2.0
28422           10.0              3.0
                20.0              3.0
                30.0              3.0
                40.0              1.0
28423           0.0               0.0
                60.0              1.0
                70.0              0.0
                80.0              0.0
                90.0              0.0
                100.0             0.0
30470           10.0              3.0
                70.0              0.0
                80.0              0.0
30471           0.0               0.0
                20.0              4.0
                30.0              2.0
                40.0              1.0
                60.0              0.0
                90.0              0.0
                100.0             0.0
32518           40.0              0.0
                90.0              0.0
32519           0.0               0.0
                10.0              3.0
                20.0              2.0
                30.0              1.0
                60.0              0.0
                70.0              0.0
                80.0              0.0
                100.0             0.0