Final Results Summary:
Total Tests Run: 800
Total Tests Passed: 515
Overall Score: 64.38%

Detailed Results by Context Length and Depth:
Context Length  Document Depth
16450           20.0              5.0
                30.0              5.0
                50.0              5.0
                60.0              5.0
                70.0              5.0
                80.0              5.0
                90.0              5.0
                100.0             5.0
16451           60.0              5.0
16452           40.0              5.0
17269           50.0              5.0
                60.0              5.0
17270           20.0              5.0
                30.0              5.0
                60.0              5.0
                70.0              5.0
                80.0              5.0
                90.0              5.0
                100.0             5.0
17271           40.0              5.0
18361           30.0              5.0
                40.0              5.0
                60.0              5.0
                100.0             5.0
18362           20.0              5.0
                60.0              5.0
                70.0              5.0
18363           80.0              5.0
18364           50.0              5.0
                90.0              5.0
19453           80.0              5.0
19454           20.0              5.0
                30.0              5.0
                40.0              5.0
                50.0              5.0
                100.0             5.0
19455           60.0              5.0
                70.0              5.0
                90.0              5.0
20545           50.0              5.0
20546           20.0              5.0
                60.0              5.0
                80.0              5.0
                100.0             5.0
20547           30.0              5.0
                40.0              5.0
                90.0              5.0
20548           70.0              5.0
21365           20.0              5.0
                40.0              5.0
                50.0              5.0
21366           30.0              5.0
                60.0              5.0
                70.0              5.0
                90.0              5.0
                100.0             5.0
21367           80.0              5.0
22457           60.0              5.0
                80.0              5.0
                100.0             5.0
22458           20.0              4.0
                30.0              3.0
                40.0              5.0
                50.0              5.0
                60.0              5.0
                70.0              5.0
                90.0              5.0
23550           30.0              0.0
                50.0              4.0
                60.0              5.0
                90.0              5.0
                100.0             5.0
23551           20.0              2.0
                40.0              4.0
                70.0              5.0
                80.0              5.0
24642           20.0              1.0
                30.0              0.0
                50.0              1.0
                60.0              3.0
                90.0              5.0
                100.0             5.0
24643           40.0              3.0
                70.0              5.0
                80.0              5.0
25461           30.0              0.0
                100.0             5.0
25462           20.0              0.0
                40.0              1.0
                50.0              0.0
                60.0              2.0
                70.0              5.0
                80.0              5.0
                90.0              5.0
26553           70.0              1.0
                90.0              5.0
26554           20.0              0.0
                30.0              0.0
                40.0              0.0
                50.0              1.0
                60.0              0.5
                80.0              5.0
                100.0             5.0
27645           30.0              0.0
27646           20.0              0.0
                40.0              0.0
                50.0              0.0
                70.0              0.0
                80.0              3.0
                90.0              5.0
                100.0             5.0
27647           60.0              0.0
27648           60.0              2.0
28738           40.0              0.0
                70.0              1.0
                80.0              1.0
                90.0              2.0
                100.0             5.0
28739           20.0              0.0
                30.0              0.0
                50.0              0.0
                60.0              0.0
28740           60.0              3.0
29557           30.0              0.0
                60.0              0.0
                70.0              1.0
                80.0              0.0
29558           20.0              0.0
                40.0              0.0
                50.0              0.0
                60.0              2.0
                100.0             5.0
29559           90.0              3.0
30649           30.0              0.0
                60.0              1.0
                100.0             5.0
30650           20.0              0.0
                40.0              0.0
                50.0              0.0
                60.0              0.0
                70.0              0.0
                90.0              1.0
30652           80.0              0.0
31742           50.0              0.0
                80.0              3.0
                90.0              1.0
                100.0             5.0
31743           20.0              0.0
                30.0              0.0
                40.0              0.0
                60.0              0.0
                70.0              0.0
                