Final Results Summary:
Total Tests Run: 270
Total Tests Passed: 73
Overall Score: 27.04%

Detailed Results by Context Length and Depth:
Context Length  Document Depth
16445           100.0             2.0
16446           50.0              2.0
                60.0              2.0
                70.0              2.0
                80.0              2.0
16447           30.0              3.0
                80.0              2.0
                90.0              2.0
16448           40.0              2.0
18356           100.0             3.0
18357           40.0              1.0
                50.0              1.0
                70.0              2.0
18358           30.0              0.0
                60.0              1.0
                90.0              1.0
18359           50.0              1.0
                80.0              2.5
20541           50.0              0.0
                100.0             3.0
20542           30.0              1.0
                50.0              0.0
                80.0              1.0
20543           40.0              0.0
                60.0              0.0
                70.0              0.0
20544           80.0              0.0
                90.0              1.0
22452           100.0             2.0
22453           70.0              1.0
22454           30.0              1.0
                40.0              0.0
                50.0              1.0
                60.0              1.0
                80.0              0.5
22455           50.0              0.0
                90.0              3.0
24637           100.0             2.0
24638           30.0              0.0
                50.0              0.0
                80.0              2.0
24639           40.0              0.0
                50.0              0.0
                60.0              0.0
                70.0              0.0
                80.0              0.0
                90.0              2.0
26549           50.0              0.0
                60.0              0.0
                100.0             3.0
26550           30.0              0.0
                40.0              0.0
                70.0              0.0
                80.0              0.0
26551           80.0              0.0
                90.0              1.0
26552           50.0              0.0
28733           100.0             3.0
28734           30.0              0.0
                40.0              0.0
                60.0              0.0
                70.0              0.0
28735           50.0              0.0
                80.0              1.0
                90.0              0.0
30644           100.0             3.0
30646           30.0              0.0
                40.0              0.0
                50.0              0.0
                70.0              0.0
                80.0              0.0
                90.0              0.0
30647           50.0              0.0
30648           60.0              0.0
32829           90.0              0.0
                100.0             3.0
32830           30.0              0.0
                50.0              0.0
                80.0              0.0
32831           60.0              0.0
                80.0              0.0
32832           40.0              0.0
                70.0              0.0