Final Results Summary:
Total Tests Run: 1250
Total Tests Passed: 854
Overall Score: 68.32%

Detailed Results by Context Length and Depth:
Context Length  Document Depth
15756           0.0               5.0
                10.0              5.0
                20.0              5.0
                30.0              5.0
                40.0              5.0
                60.0              5.0
                70.0              5.0
                80.0              5.0
                90.0              5.0
                100.0             5.0
17724           0.0               5.0
                10.0              5.0
                20.0              5.0
                30.0              5.0
                40.0              5.0
                60.0              5.0
                70.0              5.0
                80.0              5.0
                90.0              5.0
                100.0             5.0
19668           0.0               5.0
                10.0              5.0
                20.0              5.0
                30.0              5.0
                40.0              5.0
                60.0              5.0
                70.0              5.0
                80.0              5.0
                90.0              5.0
                100.0             5.0
21636           0.0               5.0
                10.0              5.0
                20.0              5.0
                30.0              5.0
                40.0              5.0
                60.0              5.0
                70.0              5.0
                80.0              5.0
                90.0              5.0
                100.0             5.0
23604           0.0               5.0
                10.0              5.0
                20.0              5.0
                30.0              5.0
                40.0              5.0
                60.0              5.0
                70.0              5.0
                80.0              5.0
                90.0              5.0
                100.0             4.0
25572           0.0               5.0
                10.0              5.0
                20.0              5.0
                30.0              5.0
                40.0              5.0
                60.0              5.0
                70.0              5.0
                80.0              5.0
                90.0              5.0
                100.0             5.0
27540           0.0               4.0
                10.0              5.0
                20.0              5.0
                30.0              5.0
                40.0              5.0
                60.0              5.0
                70.0              5.0
                80.0              5.0
                90.0              5.0
                100.0             5.0
29508           0.0               2.0
                10.0              5.0
                20.0              5.0
                30.0              5.0
                40.0              5.0
                60.0              5.0
                70.0              5.0
                80.0              5.0
                90.0              5.0
                100.0             5.0
31476           0.0               0.0
                10.0              5.0
                20.0              5.0
                30.0              5.0
                40.0              5.0
                60.0              5.0
                70.0              5.0
                80.0              5.0
                90.0              5.0
                100.0             5.0
33444           0.0               0.0
                10.0              5.0
                20.0              5.0
                30.0              5.0
                40.0              5.0
                60.0              5.0
                70.0              5.0
                80.0              5.0
                90.0              5.0
                100.0             5.0
35412           0.0               0.0
                10.0              5.0
                20.0              5.0
                30.0              5.0
                40.0              5.0
                60.0              5.0
                70.0              5.0
                80.0              5.0
                90.0              5.0
                100.0             5.0
37380           0.0               0.0
                10.0              5.0
                20.0              5.0
                30.0              4.0
                40.0              5.0
                60.0              5.0
                70.0              5.0
                80.0              5.0
                90.0              5.0
                100.0             5.0
39348           0.0               0.0
                10.0              5.0
                20.0              5.0
                30.0              3.0
                40.0              4.0
                60.0              5.0
                70.0              5.0
                80.0              5.0
                90.0              5.0
                100.0             5.0
41316           0.0               0.0
                10.0              5.0
                20.0              4.0
                30.0              1.0
                40.0              3.0
                60.0              3.0
                70.0              5.0
                80.0              5.0
                90.0              5.0
                100.0             5.0
43260           0.0               0.0
                10.0              2.0
                20.0              1.0
                30.0              0.0
                40.0              1.0
                60.0              1.0
                70.0              4.0
                80.0              5.0
                90.0              5.0
                100.0             5.0
45228           0.0               0.0
                10.0              1.0
                20.0              0.0
                30.0              0.0
                40.0              0.0
                60.0              1.0
                70.0              5.0
                80.0              5.0
                90.0              5.0
                100.0             5.0
47196           0.0               0.0
                10.0              1.0
                20.0              0.0
                30.0              0.0
                40.0              0.0
                60.0              1.0
                70.0              4.0
                80.0              5.0
                90.0              5.0
                100.0             5.0
49164           0.0               0.0
                10.0              1.0
                20.0              0.0
                30.0              0.0
                40.0              0.0
                60.0              2.0
                70.0              3.0
                80.0              4.0
                90.0              5.0
                100.0             5.0
51132           0.0               0.0
                10.0              0.0
                20.0              0.0
                30.0              1.0
                40.0              0.0
                60.0              1.0
                70.0              4.0
                80.0              5.0
                90.0              5.0
                100.0             5.0
53100           0.0               1.0
                10.0              0.0
                20.0              0.0
                30.0              1.0
                40.0              0.0
                60.0              1.0
                70.0              2.0
                80.0              5.0
                90.0              5.0
                100.0             5.0
55068           0.0               1.0
                10.0              1.0
                20.0              0.0
                30.0              0.0
                40.0              0.0
                60.0              1.0
                70.0              1.0
                80.0              5.0
                90.0              5.0
                100.0             5.0
57036           0.0               1.0
                10.0              1.0
                20.0              0.0
                30.0              0.0
                40.0              0.0
                60.0              0.0
                70.0              1.0
                80.0              3.0
                90.0              5.0
                100.0             5.0
59004           0.0               1.0
                10.0              1.0
                20.0              0.0
                30.0              0.0
                40.0              0.0
                60.0              0.0
                70.0              1.0
                80.0              3.0
                90.0              5.0
                100.0             5.0
60972           0.0               1.0
                10.0              1.0
                20.0              0.0
                30.0              0.0
                40.0              0.0
                60.0              0.0
                70.0              0.0
                80.0              1.0
                90.0              5.0
                100.0             5.0
62940           0.0               0.0
                10.0              0.0
                20.0              0.0
                30.0              0.0
                40.0              0.0
                60.0              0.0
                70.0              0.0
                80.0              0.0
                90.0              5.0
                100.0             5.0