Final Results Summary:
Total Tests Run: 800
Total Tests Passed: 316
Overall Score: 39.50%

Detailed Results by Context Length and Depth:
Context Length  Document Depth
15745           100.0             0.0
15757           0.0               4.0
                10.0              5.0
                20.0              5.0
                30.0              5.0
                40.0              5.0
                60.0              5.0
                70.0              5.0
                80.0              5.0
                90.0              5.0
16729           100.0             0.0
16741           0.0               5.0
                10.0              5.0
                20.0              5.0
                30.0              5.0
                40.0              5.0
                60.0              5.0
                70.0              5.0
                80.0              5.0
                90.0              5.0
17713           100.0             0.0
17725           0.0               5.0
                10.0              5.0
                20.0              5.0
                30.0              5.0
                40.0              5.0
                60.0              5.0
                70.0              5.0
                80.0              5.0
                90.0              5.0
18697           100.0             0.0
18709           0.0               5.0
                10.0              5.0
                20.0              5.0
                30.0              5.0
                40.0              5.0
                60.0              5.0
                70.0              5.0
                80.0              5.0
                90.0              5.0
19681           100.0             0.0
19693           0.0               5.0
                10.0              5.0
                20.0              5.0
                30.0              5.0
                40.0              5.0
                60.0              5.0
                70.0              5.0
                80.0              5.0
                90.0              5.0
20665           100.0             0.0
20677           0.0               2.0
                10.0              5.0
                20.0              5.0
                30.0              3.0
                40.0              4.0
                60.0              4.0
                70.0              5.0
                80.0              5.0
                90.0              5.0
21625           100.0             0.0
21637           0.0               0.0
                10.0              1.0
                20.0              1.0
                30.0              2.0
                40.0              2.0
                60.0              3.0
                70.0              4.0
                80.0              4.0
                90.0              5.0
22609           100.0             0.0
22621           0.0               0.0
                10.0              0.0
                20.0              0.0
                30.0              0.0
                40.0              0.0
                60.0              0.0
                70.0              0.0
                80.0              3.0
                90.0              5.0
23593           100.0             0.0
23605           0.0               0.0
                10.0              0.0
                20.0              0.0
                30.0              0.0
                40.0              0.0
                60.0              0.0
                70.0              0.0
                80.0              2.0
                90.0              5.0
24577           100.0             0.0
24589           0.0               0.0
                10.0              0.0
                20.0              0.0
                30.0              0.0
                40.0              0.0
                60.0              0.0
                70.0              0.0
                80.0              2.0
                90.0              5.0
25561           100.0             0.0
25573           0.0               0.0
                10.0              0.0
                20.0              0.0
                30.0              0.0
                40.0              0.0
                60.0              0.0
                70.0              0.0
                80.0              0.0
                90.0              4.0
26545           100.0             0.0
26557           0.0               0.0
                10.0              0.0
                20.0              0.0
                30.0              0.0
                40.0              0.0
                60.0              0.0
                70.0              0.0
                80.0              0.0
                90.0              2.0
27529           100.0             0.0
27541           0.0               0.0
                10.0              0.0
                20.0              0.0
                30.0              0.0
                40.0              0.0
                60.0              0.0
                70.0              1.0
                80.0              1.0
                90.0              0.0
28513           100.0             0.0
28525           0.0               0.0
                10.0              0.0
                20.0              0.0
                30.0              0.0
                40.0              0.0
                60.0              0.0
                70.0              0.0
                80.0              0.0
                90.0              0.0
29497           100.0             0.0
29509           0.0               0.0
                10.0              0.0
                20.0              0.0
                30.0              0.0
                40.0              0.0
                60.0              0.0
                70.0              0.0
                80.0              0.0
                90.0              1.0
30481           100.0             0.0
30493           0.0               0.0
                10.0              0.0
                20.0              0.0
                30.0              0.0
                40.0              0.0
                60.0              0.0
                70.0              0.0
                80.0              0.0
                90.0              1.0