Final Results Summary:
Total Tests Run: 800
Total Tests Passed: 704
Overall Score: 88.00%

Detailed Results by Context Length and Depth:
Context Length  Document Depth
16706           100.0             5.0
16707           20.0              5.0
                30.0              5.0
                50.0              5.0
                70.0              5.0
                80.0              5.0
                90.0              5.0
16708           40.0              5.0
                60.0              5.0
16709           60.0              5.0
17538           100.0             5.0
17539           20.0              5.0
                30.0              5.0
                40.0              5.0
                50.0              5.0
                60.0              5.0
17540           60.0              5.0
                70.0              5.0
                80.0              5.0
                90.0              5.0
18647           100.0             5.0
18648           90.0              5.0
18649           30.0              5.0
                40.0              5.0
                50.0              5.0
                60.0              5.0
                80.0              5.0
18650           20.0              5.0
                60.0              5.0
                70.0              5.0
19757           100.0             5.0
19758           20.0              5.0
                40.0              5.0
                50.0              5.0
                60.0              5.0
                70.0              5.0
                80.0              5.0
                90.0              5.0
19759           30.0              5.0
20866           100.0             5.0
20867           20.0              5.0
                30.0              5.0
                40.0              5.0
                50.0              5.0
                70.0              5.0
                90.0              5.0
20868           60.0              5.0
                80.0              5.0
20869           60.0              5.0
21698           100.0             5.0
21699           20.0              5.0
                30.0              5.0
                40.0              5.0
                60.0              5.0
                70.0              5.0
21700           50.0              5.0
                60.0              5.0
                80.0              5.0
                90.0              5.0
22807           100.0             5.0
22808           60.0              5.0
                80.0              5.0
22809           30.0              5.0
                40.0              5.0
                50.0              5.0
                70.0              5.0
22810           20.0              5.0
                60.0              5.0
                90.0              5.0
23917           60.0              5.0
                100.0             5.0
23918           20.0              5.0
                30.0              5.0
23919           40.0              5.0
                50.0              5.0
                60.0              5.0
                70.0              5.0
                80.0              5.0
                90.0              5.0
25026           100.0             5.0
25027           20.0              5.0
                30.0              5.0
                40.0              5.0
                50.0              5.0
                60.0              5.0
                70.0              4.0
                80.0              4.0
                90.0              5.0
25858           100.0             5.0
25859           20.0              4.0
                60.0              4.5
25860           30.0              5.0
                50.0              5.0
                70.0              4.0
                80.0              5.0
                90.0              5.0
25861           40.0              5.0
26967           100.0             5.0
26968           80.0              4.0
26969           30.0              5.0
                40.0              5.0
                50.0              5.0
                60.0              5.0
                90.0              5.0
26970           20.0              5.0
                60.0              5.0
                70.0              5.0
28077           100.0             5.0
28078           20.0              3.0
                30.0              4.0
                40.0              4.0
                60.0              3.0
                80.0              4.0
28079           60.0              4.0
                70.0              4.0
28080           50.0              4.0
                90.0              5.0
29186           100.0             5.0
29187           20.0              2.0
                40.0              5.0
                50.0              4.0
                60.0              4.0
                70.0              4.0
                80.0              4.0
29188           30.0              4.0
                60.0              4.0
29189           90.0              5.0
30018           100.0             5.0
30019           20.0              1.0
                40.0              2.0
                50.0              5.0
                60.0              1.5
                80.0              4.0
                90.0              5.0
30020           30.0              4.0
                70.0              3.0
31127           100.0             5.0
31128           40.0              4.0
31129           30.0              0.0
                50.0              2.0
                60.0              0.0
                80.0              3.0
                90.0              5.0
31130           20.0              2.0
                70.0              4.0
32237           100.0             5.0
32238           20.0              0.0
                30.0              0.0
                50.0              0.0
                60.0              2.0
                70.0              4.0
                80.0              2.0
                90.0              4.0
32239           40.0              3.0
                60.0              2.0