Final Results Summary:
Total Tests Run: 450
Total Tests Passed: 402
Overall Score: 89.33%

Detailed Results by Context Length and Depth:
Context Length  Document Depth
16724           100.0             5.0
16725           20.0              4.0
                30.0              5.0
                50.0              5.0
                70.0              5.0
                80.0              5.0
                90.0              5.0
16726           40.0              5.0
                60.0              5.0
16727           60.0              5.0
17556           100.0             5.0
17557           20.0              5.0
                30.0              5.0
                40.0              5.0
                50.0              5.0
                60.0              5.0
17558           60.0              5.0
                70.0              5.0
                80.0              5.0
                90.0              5.0
18665           100.0             5.0
18666           90.0              5.0
18667           30.0              5.0
                40.0              4.0
                50.0              4.0
                60.0              4.0
                80.0              5.0
18668           20.0              5.0
                60.0              2.0
                70.0              5.0
19775           100.0             5.0
19776           20.0              5.0
                40.0              4.0
                50.0              5.0
                60.0              5.0
                70.0              5.0
                80.0              5.0
                90.0              5.0
19777           30.0              4.0
20884           100.0             5.0
20885           20.0              4.0
                30.0              4.0
                40.0              4.0
                50.0              4.0
                70.0              5.0
                90.0              5.0
20886           60.0              4.0
                80.0              5.0
20887           60.0              4.0
21716           100.0             5.0
21717           20.0              4.0
                30.0              5.0
                40.0              4.0
                60.0              4.0
                70.0              5.0
21718           50.0              4.0
                60.0              4.0
                80.0              5.0
                90.0              5.0
22825           100.0             5.0
22826           60.0              4.0
                80.0              5.0
22827           30.0              5.0
                40.0              4.0
                50.0              4.0
                70.0              4.0
22828           20.0              4.0
                60.0              4.0
                90.0              5.0
23935           60.0              4.0
                100.0             5.0
23936           20.0              4.0
                30.0              4.0
23937           40.0              4.0
                50.0              4.0
                60.0              4.0
                70.0              5.0
                80.0              4.0
                90.0              5.0
25044           100.0             5.0
25045           20.0              4.0
                30.0              2.0
                40.0              2.0
                50.0              1.0
                60.0              4.0
                70.0              4.0
                80.0              4.0
                90.0              5.0
25321           100.0             5.0
25322           60.0              4.0
25323           20.0              2.0
                30.0              1.0
                40.0              4.0
                50.0              1.0
                60.0              4.0
                80.0              5.0
                90.0              5.0
25324           70.0              4.0
26431           20.0              1.0
                100.0             5.0
26432           30.0              1.0
                50.0              4.0
                60.0              3.5
                70.0              4.0
                80.0              5.0
26433           40.0              0.0
                90.0              5.0
27540           100.0             5.0
27541           20.0              0.0
                60.0              4.0
                70.0              4.0
                90.0              5.0
27542           30.0              0.0
                40.0              1.0
                50.0              0.0
                60.0              2.0
                80.0              5.0
28372           100.0             5.0
28373           20.0              0.0
                30.0              0.0
                70.0              4.0
                90.0              5.0
28374           40.0              0.0
                50.0              1.0
                60.0              1.0
                80.0              4.0
28375           60.0              1.0
29481           100.0             5.0
29482           40.0              0.0
29483           20.0              0.0
                30.0              0.0
                50.0              0.0
                60.0              0.0
                70.0              4.0
                80.0              4.0
                90.0              5.0
30591           20.0              0.0
                100.0             5.0
30592           30.0              0.0
                60.0              0.0
                70.0              1.0
                80.0              4.0
                90.0              5.0
30593           40.0              0.0
                50.0              0.0
31700           100.0             5.0
31701           20.0              0.0
                30.0              0.0
31702           40.0              0.0
                50.0              0.0
                60.0              0.0
                70.0              0.0
                80.0              3.0
                90.0              5.0
32532           100.0             5.0
32533           20.0              0.0
                50.0              0.0
                60.0              2.0
                70.0              0.0
                80.0              5.0
32534           30.0              0.0
                40.0              0.0
                60.0              1.0
                90.0              5.0