Final Results Summary:
Total Tests Run: 750
Total Tests Passed: 538
Overall Score: 71.73%

Detailed Results by Context Length and Depth:
Context Length  Document Depth
16445           100.0             3.0
16446           50.0              3.0
                60.0              3.0
                70.0              3.0
                80.0              3.0
16447           30.0              3.0
                80.0              3.0
                90.0              3.0
16448           40.0              3.0
18356           100.0             3.0
18357           40.0              3.0
                50.0              3.0
                70.0              3.0
18358           30.0              3.0
                60.0              3.0
                90.0              3.0
18359           50.0              3.0
                80.0              3.0
20541           50.0              3.0
                100.0             3.0
20542           30.0              3.0
                50.0              3.0
                80.0              3.0
20543           40.0              3.0
                60.0              3.0
                70.0              3.0
20544           80.0              3.0
                90.0              3.0
22452           100.0             1.0
22453           70.0              3.0
22454           30.0              3.0
                40.0              3.0
                50.0              3.0
                60.0              3.0
                80.0              3.0
22455           50.0              3.0
                90.0              3.0
24637           100.0             3.0
24638           30.0              3.0
                50.0              3.0
                80.0              3.0
24639           40.0              3.0
                50.0              3.0
                60.0              3.0
                70.0              3.0
                80.0              3.0
                90.0              3.0
26549           50.0              3.0
                60.0              3.0
                100.0             2.0
26550           30.0              3.0
                40.0              3.0
                70.0              3.0
                80.0              3.0
26551           80.0              3.0
                90.0              3.0
26552           50.0              3.0
28733           100.0             3.0
28734           30.0              3.0
                40.0              3.0
                60.0              3.0
                70.0              3.0
28735           50.0              3.0
                80.0              3.0
                90.0              3.0
30644           100.0             3.0
30646           30.0              3.0
                40.0              3.0
                50.0              3.0
                70.0              3.0
                80.0              3.0
                90.0              3.0
30647           50.0              3.0
30648           60.0              3.0
32829           90.0              3.0
                100.0             3.0
32830           30.0              3.0
                50.0              3.0
                80.0              3.0
32831           60.0              3.0
                80.0              3.0
32832           40.0              3.0
                70.0              3.0
34740           100.0             3.0
34741           50.0              2.0
34742           30.0              2.0
                40.0              2.0
                50.0              3.0
                60.0              3.0
                80.0              3.0
                90.0              3.0
34743           70.0              3.0
36925           100.0             3.0
36926           30.0              1.0
                40.0              2.0
                50.0              3.0
                60.0              3.0
                70.0              3.0
36927           80.0              3.0
                90.0              3.0
38837           40.0              2.0
                50.0              2.0
                60.0              3.0
                80.0              3.0
                90.0              3.0
                100.0             3.0
38838           70.0              3.0
                80.0              3.0
38839           30.0              0.0
                50.0              2.0
41021           100.0             3.0
41022           30.0              0.0
                50.0              1.0
                80.0              3.0
41023           40.0              1.0
                50.0              3.0
                60.0              1.0
                70.0              3.0
                80.0              3.0
                90.0              2.0
42932           100.0             3.0
42934           40.0              0.0
                50.0              1.0
                60.0              3.0
                80.0              3.0
                90.0              3.0
42935           30.0              0.0
                50.0              1.0
                80.0              3.0
42936           70.0              2.0
45117           30.0              0.0
                50.0              0.0
                100.0             3.0
45118           40.0              0.0
                50.0              1.0
                60.0              2.0
                70.0              3.0
                80.0              3.0
                90.0              3.0
45119           80.0              3.0
47028           100.0             3.0
47029           40.0              1.0
                50.0              2.0
47030           30.0              0.0
                60.0              2.0
                70.0              3.0
                80.0              3.0
47031           50.0              0.0
                80.0              3.0
                90.0              3.0
49213           100.0             3.0
49214           30.0              0.0
                40.0              0.0
                50.0              0.0
                80.0              3.0
                90.0              3.0
49215           60.0              3.0
                70.0              1.0
                80.0              3.0
51125           50.0              0.0
                80.0              3.0
                100.0             3.0
51126           30.0              0.0
                50.0              0.0
                60.0              2.0
                70.0              0.0
                80.0              3.0
                90.0              3.0
51128           40.0              1.0
53309           100.0             3.0
53310           30.0              1.0
                70.0              0.0
                80.0              3.0
53311           40.0              0.0
                50.0              0.0
                60.0              0.0
                90.0              3.0
55220           100.0             3.0
55221           50.0              0.0
55222           30.0              0.0
                40.0              0.0
                70.0              2.0
                80.0              2.0
55223           50.0              0.0
                60.0              2.0
                80.0              3.0
55224           90.0              3.0
57405           100.0             3.0
57406           50.0              0.0
                60.0              0.0
                70.0              3.0
                80.0              3.0
57407           30.0              0.0
                40.0              0.0
                50.0              1.0
                80.0              3.0
                90.0              3.0
59316           100.0             3.0
59318           30.0              0.0
                40.0              0.0
                50.0              0.0
                60.0              0.0
                70.0              0.0
                80.0              2.5
                90.0              3.0
61501           100.0             3.0
61502           30.0              0.0
                40.0              0.0
                50.0              0.0
                80.0              0.0
                90.0              3.0
61503           50.0              0.0
                60.0              0.0
                70.0              2.0
                80.0              3.0
63413           50.0              0.0
                60.0              0.0
                90.0              3.0
                100.0             3.0
63414           40.0              0.0
                70.0              0.0
                80.0              1.5
63415           30.0              0.0
                50.0              2.0
65597           100.0             3.0
65598           30.0              0.0
                40.0              0.0
                50.0              0.0
                90.0              3.0
65599           50.0              0.0
                60.0              0.0
                70.0              0.0
                80.0              0.0
65600           80.0              2.0